1   1.256580
2   2.408447
3   7.910932
4   8.798618
5   2.632240
6   1.514895
7   1.015589
8   0.757222
9   0.593510
10   0.490325
11   0.417906
12   0.370161
13   0.343075
14   0.346567
15   0.375343
16   0.373841
17   0.309258
18   0.266815
19   0.243320
20   0.261121
21   0.317929
22   0.331816
23   0.318948
24   0.296089
25   0.266459
26   0.237990
27   0.195975
28   0.150849
29   0.105338
30   0.069464
31   0.035149
32   0.014710
33   0.006546
34   0.003932
35   0.002301
36   0.001381
37   0.000729
38   0.000341
39   0.000144
40   0.000058
41   0.000021
42   0.000009
43   0.000003
44   0.000001
