0.000000 0.000000, 1.000000
0.000000 0.025000, 0.000000
0.000000 0.050000, 0.000000
0.000000 0.075000, 0.000000
0.000000 0.100000, 0.000000
0.000000 0.125000, 0.000000
0.000000 0.150000, 0.000000
0.000000 0.175000, 0.000000
0.000000 0.200000, 0.000000
0.000000 0.225000, 0.000000
0.000000 0.250000, 0.000000
0.000000 0.275000, 0.000000
0.000000 0.300000, 0.000000
0.000000 0.325000, 0.000000
0.000000 0.350000, 0.000000
0.000000 0.375000, 0.000000
0.000000 0.400000, 0.000000
0.000000 0.425000, 0.000000
0.000000 0.450000, 0.000000
0.000000 0.475000, 0.000000
0.000000 0.500000, 0.000000
0.000000 0.525000, 0.000000
0.000000 0.550000, 0.000000
0.000000 0.575000, 0.000000
0.000000 0.600000, 0.000000
0.000000 0.625000, 0.000000
0.000000 0.650000, 0.000000
0.000000 0.675000, 0.000000
0.000000 0.700000, 0.000000
0.000000 0.725000, 0.000000
0.000000 0.750000, 0.000000
0.000000 0.775000, 0.000000
0.000000 0.800000, 0.000000
0.000000 0.825000, 0.000000
0.000000 0.850000, 0.000000
0.000000 0.875000, 0.000000
0.000000 0.900000, 0.000000
0.000000 0.925000, 0.000000
0.000000 0.950000, 0.000000
0.000000 0.975000, 0.000000
0.025000 0.000000, 1.000000
0.025000 0.025000, 0.499315
0.025000 0.050000, 0.300980
0.025000 0.075000, 0.207345
0.025000 0.100000, 0.155783
0.025000 0.125000, 0.123754
0.025000 0.150000, 0.102012
0.025000 0.175000, 0.086264
0.025000 0.200000, 0.074297
0.025000 0.225000, 0.064866
0.025000 0.250000, 0.057219
0.025000 0.275000, 0.050877
0.025000 0.300000, 0.045522
0.025000 0.325000, 0.040930
0.025000 0.350000, 0.036944
0.025000 0.375000, 0.033448
0.025000 0.400000, 0.030354
0.025000 0.425000, 0.027595
0.025000 0.450000, 0.025119
0.025000 0.475000, 0.022883
0.025000 0.500000, 0.020855
0.025000 0.525000, 0.019007
0.025000 0.550000, 0.017316
0.025000 0.575000, 0.015762
0.025000 0.600000, 0.014330
0.025000 0.625000, 0.013004
0.025000 0.650000, 0.011774
0.025000 0.675000, 0.010627
0.025000 0.700000, 0.009555
0.025000 0.725000, 0.008549
0.025000 0.750000, 0.007602
0.025000 0.775000, 0.006705
0.025000 0.800000, 0.005854
0.025000 0.825000, 0.005041
0.025000 0.850000, 0.004261
0.025000 0.875000, 0.003510
0.025000 0.900000, 0.002781
0.025000 0.925000, 0.002070
0.025000 0.950000, 0.001373
0.025000 0.975000, 0.000684
0.050000 0.000000, 1.000000
0.050000 0.025000, 0.696281
0.050000 0.050000, 0.497261
0.050000 0.075000, 0.372619
0.050000 0.100000, 0.292031
0.050000 0.125000, 0.237223
0.050000 0.150000, 0.198030
0.050000 0.175000, 0.168748
0.050000 0.200000, 0.146059
0.050000 0.225000, 0.127947
0.050000 0.250000, 0.113133
0.050000 0.275000, 0.100769
0.050000 0.300000, 0.090279
0.050000 0.325000, 0.081254
0.050000 0.350000, 0.073399
0.050000 0.375000, 0.066494
0.050000 0.400000, 0.060373
0.050000 0.425000, 0.054907
0.050000 0.450000, 0.049996
0.050000 0.475000, 0.045559
0.050000 0.500000, 0.041531
0.050000 0.525000, 0.037858
0.050000 0.550000, 0.034494
0.050000 0.575000, 0.031403
0.050000 0.600000, 0.028552
0.050000 0.625000, 0.025913
0.050000 0.650000, 0.023463
0.050000 0.675000, 0.021180
0.050000 0.700000, 0.019044
0.050000 0.725000, 0.017040
0.050000 0.750000, 0.015152
0.050000 0.775000, 0.013366
0.050000 0.800000, 0.011669
0.050000 0.825000, 0.010049
0.050000 0.850000, 0.008495
0.050000 0.875000, 0.006997
0.050000 0.900000, 0.005544
0.050000 0.925000, 0.004127
0.050000 0.950000, 0.002736
0.050000 0.975000, 0.001364
0.075000 0.000000, 1.000000
0.075000 0.025000, 0.788546
0.075000 0.050000, 0.619164
0.075000 0.075000, 0.493838
0.075000 0.100000, 0.402498
0.075000 0.125000, 0.335078
0.075000 0.150000, 0.284136
0.075000 0.175000, 0.244637
0.075000 0.200000, 0.213244
0.075000 0.225000, 0.187732
0.075000 0.250000, 0.166595
0.075000 0.275000, 0.148788
0.075000 0.300000, 0.133571
0.075000 0.325000, 0.120408
0.075000 0.350000, 0.108903
0.075000 0.375000, 0.098755
0.075000 0.400000, 0.089736
0.075000 0.425000, 0.081665
0.075000 0.450000, 0.074400
0.075000 0.475000, 0.067827
0.075000 0.500000, 0.061852
0.075000 0.525000, 0.056398
0.075000 0.550000, 0.051400
0.075000 0.575000, 0.046804
0.075000 0.600000, 0.042562
0.075000 0.625000, 0.038635
0.075000 0.650000, 0.034986
0.075000 0.675000, 0.031584
0.075000 0.700000, 0.028403
0.075000 0.725000, 0.025416
0.075000 0.750000, 0.022601
0.075000 0.775000, 0.019938
0.075000 0.800000, 0.017407
0.075000 0.825000, 0.014991
0.075000 0.850000, 0.012673
0.075000 0.875000, 0.010438
0.075000 0.900000, 0.008271
0.075000 0.925000, 0.006157
0.075000 0.950000, 0.004083
0.075000 0.975000, 0.002035
0.100000 0.000000, 1.000000
0.100000 0.025000, 0.838739
0.100000 0.050000, 0.697013
0.100000 0.075000, 0.581069
0.100000 0.100000, 0.489046
0.100000 0.125000, 0.416453
0.100000 0.150000, 0.358801
0.100000 0.175000, 0.312422
0.100000 0.200000, 0.274547
0.100000 0.225000, 0.243142
0.100000 0.250000, 0.216727
0.100000 0.275000, 0.194217
0.100000 0.300000, 0.174810
0.100000 0.325000, 0.157906
0.100000 0.350000, 0.143049
0.100000 0.375000, 0.129889
0.100000 0.400000, 0.118151
0.100000 0.425000, 0.107617
0.100000 0.450000, 0.098113
0.100000 0.475000, 0.089497
0.100000 0.500000, 0.081653
0.100000 0.525000, 0.074483
0.100000 0.550000, 0.067905
0.100000 0.575000, 0.061850
0.100000 0.600000, 0.056258
0.100000 0.625000, 0.051077
0.100000 0.650000, 0.046261
0.100000 0.675000, 0.041769
0.100000 0.700000, 0.037566
0.100000 0.725000, 0.033619
0.100000 0.750000, 0.029898
0.100000 0.775000, 0.026377
0.100000 0.800000, 0.023030
0.100000 0.825000, 0.019835
0.100000 0.850000, 0.016769
0.100000 0.875000, 0.013812
0.100000 0.900000, 0.010944
0.100000 0.925000, 0.008147
0.100000 0.950000, 0.005402
0.100000 0.975000, 0.002693
0.125000 0.000000, 1.000000
0.125000 0.025000, 0.869396
0.125000 0.050000, 0.749080
0.125000 0.075000, 0.644381
0.125000 0.100000, 0.556164
0.125000 0.125000, 0.482889
0.125000 0.150000, 0.422191
0.125000 0.175000, 0.371703
0.125000 0.200000, 0.329379
0.125000 0.225000, 0.293564
0.125000 0.250000, 0.262954
0.125000 0.275000, 0.236542
0.125000 0.300000, 0.213545
0.125000 0.325000, 0.193356
0.125000 0.350000, 0.175500
0.125000 0.375000, 0.159601
0.125000 0.400000, 0.145361
0.125000 0.425000, 0.132538
0.125000 0.450000, 0.120937
0.125000 0.475000, 0.110395
0.125000 0.500000, 0.100779
0.125000 0.525000, 0.091975
0.125000 0.550000, 0.083887
0.125000 0.575000, 0.076434
0.125000 0.600000, 0.069544
0.125000 0.625000, 0.063155
0.125000 0.650000, 0.057212
0.125000 0.675000, 0.051666
0.125000 0.700000, 0.046474
0.125000 0.725000, 0.041596
0.125000 0.750000, 0.036996
0.125000 0.775000, 0.032642
0.125000 0.800000, 0.028503
0.125000 0.825000, 0.024549
0.125000 0.850000, 0.020756
0.125000 0.875000, 0.017096
0.125000 0.900000, 0.013547
0.125000 0.925000, 0.010085
0.125000 0.950000, 0.006688
0.125000 0.975000, 0.003333
0.150000 0.000000, 1.000000
0.150000 0.025000, 0.889767
0.150000 0.050000, 0.785531
0.150000 0.075000, 0.691211
0.150000 0.100000, 0.608339
0.150000 0.125000, 0.536748
0.150000 0.150000, 0.475371
0.150000 0.175000, 0.422820
0.150000 0.200000, 0.377704
0.150000 0.225000, 0.338779
0.150000 0.250000, 0.304985
0.150000 0.275000, 0.275453
0.150000 0.300000, 0.249473
0.150000 0.325000, 0.226474
0.150000 0.350000, 0.205993
0.150000 0.375000, 0.187655
0.150000 0.400000, 0.171154
0.150000 0.425000, 0.156239
0.150000 0.450000, 0.142702
0.150000 0.475000, 0.130369
0.150000 0.500000, 0.119093
0.150000 0.525000, 0.108751
0.150000 0.550000, 0.099236
0.150000 0.575000, 0.090455
0.150000 0.600000, 0.082329
0.150000 0.625000, 0.074787
0.150000 0.650000, 0.067765
0.150000 0.675000, 0.061209
0.150000 0.700000, 0.055068
0.150000 0.725000, 0.049295
0.150000 0.750000, 0.043849
0.150000 0.775000, 0.038693
0.150000 0.800000, 0.033789
0.150000 0.825000, 0.029104
0.150000 0.850000, 0.024608
0.150000 0.875000, 0.020270
0.150000 0.900000, 0.016063
0.150000 0.925000, 0.011958
0.150000 0.950000, 0.007930
0.150000 0.975000, 0.003952
0.175000 0.000000, 1.000000
0.175000 0.025000, 0.904140
0.175000 0.050000, 0.812065
0.175000 0.075000, 0.726592
0.175000 0.100000, 0.649234
0.175000 0.125000, 0.580392
0.175000 0.150000, 0.519725
0.175000 0.175000, 0.466501
0.175000 0.200000, 0.419840
0.175000 0.225000, 0.378861
0.175000 0.250000, 0.342755
0.175000 0.275000, 0.310810
0.175000 0.300000, 0.282420
0.175000 0.325000, 0.257074
0.175000 0.350000, 0.234344
0.175000 0.375000, 0.213873
0.175000 0.400000, 0.195362
0.175000 0.425000, 0.178563
0.175000 0.450000, 0.163263
0.175000 0.475000, 0.149285
0.175000 0.500000, 0.136474
0.175000 0.525000, 0.124700
0.175000 0.550000, 0.113849
0.175000 0.575000, 0.103822
0.175000 0.600000, 0.094531
0.175000 0.625000, 0.085898
0.175000 0.650000, 0.077854
0.175000 0.675000, 0.070338
0.175000 0.700000, 0.063293
0.175000 0.725000, 0.056667
0.175000 0.750000, 0.050414
0.175000 0.775000, 0.044490
0.175000 0.800000, 0.038855
0.175000 0.825000, 0.033471
0.175000 0.850000, 0.028302
0.175000 0.875000, 0.023315
0.175000 0.900000, 0.018476
0.175000 0.925000, 0.013755
0.175000 0.950000, 0.009122
0.175000 0.975000, 0.004546
0.200000 0.000000, 1.000000
0.200000 0.025000, 0.914728
0.200000 0.050000, 0.831998
0.200000 0.075000, 0.753857
0.200000 0.100000, 0.681614
0.200000 0.125000, 0.615862
0.200000 0.150000, 0.556638
0.200000 0.175000, 0.503619
0.200000 0.200000, 0.456294
0.200000 0.225000, 0.414072
0.200000 0.250000, 0.376363
0.200000 0.275000, 0.342614
0.200000 0.300000, 0.312325
0.200000 0.325000, 0.285058
0.200000 0.350000, 0.260435
0.200000 0.375000, 0.238129
0.200000 0.400000, 0.217860
0.200000 0.425000, 0.199387
0.200000 0.450000, 0.182504
0.200000 0.475000, 0.167033
0.200000 0.500000, 0.152819
0.200000 0.525000, 0.139727
0.200000 0.550000, 0.127640
0.200000 0.575000, 0.116453
0.200000 0.600000, 0.106074
0.200000 0.625000, 0.096420
0.200000 0.650000, 0.087416
0.200000 0.675000, 0.078996
0.200000 0.700000, 0.071098
0.200000 0.725000, 0.063667
0.200000 0.750000, 0.056650
0.200000 0.775000, 0.049999
0.200000 0.800000, 0.043671
0.200000 0.825000, 0.037623
0.200000 0.850000, 0.031815
0.200000 0.875000, 0.026210
0.200000 0.900000, 0.020771
0.200000 0.925000, 0.015465
0.200000 0.950000, 0.010256
0.200000 0.975000, 0.005112
0.225000 0.000000, 1.000000
0.225000 0.025000, 0.922774
0.225000 0.050000, 0.847341
0.225000 0.075000, 0.775223
0.225000 0.100000, 0.707504
0.225000 0.125000, 0.644805
0.225000 0.150000, 0.587343
0.225000 0.175000, 0.535045
0.225000 0.200000, 0.487644
0.225000 0.225000, 0.444771
0.225000 0.250000, 0.406013
0.225000 0.275000, 0.370957
0.225000 0.300000, 0.339206
0.225000 0.325000, 0.310400
0.225000 0.350000, 0.284211
0.225000 0.375000, 0.260349
0.225000 0.400000, 0.238561
0.225000 0.425000, 0.218621
0.225000 0.450000, 0.200333
0.225000 0.475000, 0.183524
0.225000 0.500000, 0.168041
0.225000 0.525000, 0.153750
0.225000 0.550000, 0.140531
0.225000 0.575000, 0.128277
0.225000 0.600000, 0.116893
0.225000 0.625000, 0.106291
0.225000 0.650000, 0.096395
0.225000 0.675000, 0.087132
0.225000 0.700000, 0.078438
0.225000 0.725000, 0.070252
0.225000 0.750000, 0.062519
0.225000 0.775000, 0.055187
0.225000 0.800000, 0.048207
0.225000 0.825000, 0.041535
0.225000 0.850000, 0.035125
0.225000 0.875000, 0.028939
0.225000 0.900000, 0.022935
0.225000 0.925000, 0.017076
0.225000 0.950000, 0.011325
0.225000 0.975000, 0.005645
0.250000 0.000000, 1.000000
0.250000 0.025000, 0.929026
0.250000 0.050000, 0.859370
0.250000 0.075000, 0.792190
0.250000 0.100000, 0.728376
0.250000 0.125000, 0.668509
0.250000 0.150000, 0.612887
0.250000 0.175000, 0.561573
0.250000 0.200000, 0.514466
0.250000 0.225000, 0.471353
0.250000 0.250000, 0.431962
0.250000 0.275000, 0.395994
0.250000 0.300000, 0.363145
0.250000 0.325000, 0.333124
0.250000 0.350000, 0.305658
0.250000 0.375000, 0.280497
0.250000 0.400000, 0.257414
0.250000 0.425000, 0.236204
0.250000 0.450000, 0.216684
0.250000 0.475000, 0.198689
0.250000 0.500000, 0.182073
0.250000 0.525000, 0.166702
0.250000 0.550000, 0.152457
0.250000 0.575000, 0.139232
0.250000 0.600000, 0.126928
0.250000 0.625000, 0.115458
0.250000 0.650000, 0.104740
0.250000 0.675000, 0.094700
0.250000 0.700000, 0.085269
0.250000 0.725000, 0.076385
0.250000 0.750000, 0.067987
0.250000 0.775000, 0.060022
0.250000 0.800000, 0.052437
0.250000 0.825000, 0.045183
0.250000 0.850000, 0.038214
0.250000 0.875000, 0.031485
0.250000 0.900000, 0.024954
0.250000 0.925000, 0.018580
0.250000 0.950000, 0.012322
0.250000 0.975000, 0.006142
0.275000 0.000000, 1.000000
0.275000 0.025000, 0.933960
0.275000 0.050000, 0.868923
0.275000 0.075000, 0.805792
0.275000 0.100000, 0.745300
0.275000 0.125000, 0.687969
0.275000 0.150000, 0.634121
0.275000 0.175000, 0.583896
0.275000 0.200000, 0.537294
0.275000 0.225000, 0.494215
0.275000 0.250000, 0.454489
0.275000 0.275000, 0.417911
0.275000 0.300000, 0.384255
0.275000 0.325000, 0.353293
0.275000 0.350000, 0.324801
0.275000 0.375000, 0.298568
0.275000 0.400000, 0.274395
0.275000 0.425000, 0.252098
0.275000 0.450000, 0.231510
0.275000 0.475000, 0.212477
0.275000 0.500000, 0.194859
0.275000 0.525000, 0.178527
0.275000 0.550000, 0.163364
0.275000 0.575000, 0.149265
0.275000 0.600000, 0.136132
0.275000 0.625000, 0.123873
0.275000 0.650000, 0.112408
0.275000 0.675000, 0.101659
0.275000 0.700000, 0.091555
0.275000 0.725000, 0.082031
0.275000 0.750000, 0.073024
0.275000 0.775000, 0.064477
0.275000 0.800000, 0.056335
0.275000 0.825000, 0.048546
0.275000 0.850000, 0.041062
0.275000 0.875000, 0.033834
0.275000 0.900000, 0.026817
0.275000 0.925000, 0.019968
0.275000 0.950000, 0.013243
0.275000 0.975000, 0.006601
0.300000 0.000000, 1.000000
0.300000 0.025000, 0.937892
0.300000 0.050000, 0.876570
0.300000 0.075000, 0.816757
0.300000 0.100000, 0.759061
0.300000 0.125000, 0.703947
0.300000 0.150000, 0.651732
0.300000 0.175000, 0.602596
0.300000 0.200000, 0.556601
0.300000 0.225000, 0.513723
0.300000 0.250000, 0.473870
0.300000 0.275000, 0.436907
0.300000 0.300000, 0.402672
0.300000 0.325000, 0.370992
0.300000 0.350000, 0.341687
0.300000 0.375000, 0.314579
0.300000 0.400000, 0.289499
0.300000 0.425000, 0.266284
0.300000 0.450000, 0.244782
0.300000 0.475000, 0.224851
0.300000 0.500000, 0.206359
0.300000 0.525000, 0.189182
0.300000 0.550000, 0.173209
0.300000 0.575000, 0.158334
0.300000 0.600000, 0.144460
0.300000 0.625000, 0.131496
0.300000 0.650000, 0.119360
0.300000 0.675000, 0.107973
0.300000 0.700000, 0.097262
0.300000 0.725000, 0.087160
0.300000 0.750000, 0.077602
0.300000 0.775000, 0.068528
0.300000 0.800000, 0.059880
0.300000 0.825000, 0.051606
0.300000 0.850000, 0.043653
0.300000 0.875000, 0.035971
0.300000 0.900000, 0.028512
0.300000 0.925000, 0.021231
0.300000 0.950000, 0.014081
0.300000 0.975000, 0.007019
0.325000 0.000000, 1.000000
0.325000 0.025000, 0.941036
0.325000 0.050000, 0.882707
0.325000 0.075000, 0.825605
0.325000 0.100000, 0.770241
0.325000 0.125000, 0.717027
0.325000 0.150000, 0.666266
0.325000 0.175000, 0.618153
0.325000 0.200000, 0.572792
0.325000 0.225000, 0.530206
0.325000 0.250000, 0.490360
0.325000 0.275000, 0.453174
0.325000 0.300000, 0.418536
0.325000 0.325000, 0.386317
0.325000 0.350000, 0.356374
0.325000 0.375000, 0.328563
0.325000 0.400000, 0.302738
0.325000 0.425000, 0.278757
0.325000 0.450000, 0.256484
0.325000 0.475000, 0.235787
0.325000 0.500000, 0.216543
0.325000 0.525000, 0.198636
0.325000 0.550000, 0.181956
0.325000 0.575000, 0.166402
0.325000 0.600000, 0.151877
0.325000 0.625000, 0.138292
0.325000 0.650000, 0.125563
0.325000 0.675000, 0.113611
0.325000 0.700000, 0.102361
0.325000 0.725000, 0.091744
0.325000 0.750000, 0.081695
0.325000 0.775000, 0.072151
0.325000 0.800000, 0.063053
0.325000 0.825000, 0.054345
0.325000 0.850000, 0.045973
0.325000 0.875000, 0.037885
0.325000 0.900000, 0.030031
0.325000 0.925000, 0.022362
0.325000 0.950000, 0.014832
0.325000 0.975000, 0.007393
0.350000 0.000000, 1.000000
0.350000 0.025000, 0.943546
0.350000 0.050000, 0.887619
0.350000 0.075000, 0.832714
0.350000 0.100000, 0.779270
0.350000 0.125000, 0.727655
0.350000 0.150000, 0.678151
0.350000 0.175000, 0.630960
0.350000 0.200000, 0.586207
0.350000 0.225000, 0.543949
0.350000 0.250000, 0.504191
0.350000 0.275000, 0.466893
0.350000 0.300000, 0.431982
0.350000 0.325000, 0.399365
0.350000 0.350000, 0.368931
0.350000 0.375000, 0.340562
0.350000 0.400000, 0.314134
0.350000 0.425000, 0.289524
0.350000 0.450000, 0.266609
0.350000 0.475000, 0.245270
0.350000 0.500000, 0.225391
0.350000 0.525000, 0.206862
0.350000 0.550000, 0.189579
0.350000 0.575000, 0.173441
0.350000 0.600000, 0.158356
0.350000 0.625000, 0.144233
0.350000 0.650000, 0.130990
0.350000 0.675000, 0.118546
0.350000 0.700000, 0.106827
0.350000 0.725000, 0.095762
0.350000 0.750000, 0.085284
0.350000 0.775000, 0.075329
0.350000 0.800000, 0.065837
0.350000 0.825000, 0.056749
0.350000 0.850000, 0.048009
0.350000 0.875000, 0.039565
0.350000 0.900000, 0.031364
0.350000 0.925000, 0.023355
0.350000 0.950000, 0.015491
0.350000 0.975000, 0.007722
0.375000 0.000000, 1.000000
0.375000 0.025000, 0.945530
0.375000 0.050000, 0.891509
0.375000 0.075000, 0.838361
0.375000 0.100000, 0.786472
0.375000 0.125000, 0.736171
0.375000 0.150000, 0.687723
0.375000 0.175000, 0.641329
0.375000 0.200000, 0.597126
0.375000 0.225000, 0.555194
0.375000 0.250000, 0.515563
0.375000 0.275000, 0.478225
0.375000 0.300000, 0.443136
0.375000 0.325000, 0.410230
0.375000 0.350000, 0.379424
0.375000 0.375000, 0.350619
0.375000 0.400000, 0.323713
0.375000 0.425000, 0.298597
0.375000 0.450000, 0.275160
0.375000 0.475000, 0.253293
0.375000 0.500000, 0.232889
0.375000 0.525000, 0.213843
0.375000 0.550000, 0.196056
0.375000 0.575000, 0.179429
0.375000 0.600000, 0.163872
0.375000 0.625000, 0.149296
0.375000 0.650000, 0.135617
0.375000 0.675000, 0.122757
0.375000 0.700000, 0.110640
0.375000 0.725000, 0.099194
0.375000 0.750000, 0.088350
0.375000 0.775000, 0.078045
0.375000 0.800000, 0.068216
0.375000 0.825000, 0.058804
0.375000 0.850000, 0.049750
0.375000 0.875000, 0.041002
0.375000 0.900000, 0.032504
0.375000 0.925000, 0.024205
0.375000 0.950000, 0.016055
0.375000 0.975000, 0.008003
0.400000 0.000000, 1.000000
0.400000 0.025000, 0.947066
0.400000 0.050000, 0.894525
0.400000 0.075000, 0.842750
0.400000 0.100000, 0.792087
0.400000 0.125000, 0.742834
0.400000 0.150000, 0.695242
0.400000 0.175000, 0.649508
0.400000 0.200000, 0.605775
0.400000 0.225000, 0.564137
0.400000 0.250000, 0.524644
0.400000 0.275000, 0.487307
0.400000 0.300000, 0.452106
0.400000 0.325000, 0.418997
0.400000 0.350000, 0.387914
0.400000 0.375000, 0.358779
0.400000 0.400000, 0.331503
0.400000 0.425000, 0.305990
0.400000 0.450000, 0.282140
0.400000 0.475000, 0.259854
0.400000 0.500000, 0.239029
0.400000 0.525000, 0.219567
0.400000 0.550000, 0.201372
0.400000 0.575000, 0.184349
0.400000 0.600000, 0.168407
0.400000 0.625000, 0.153461
0.400000 0.650000, 0.139427
0.400000 0.675000, 0.126226
0.400000 0.700000, 0.113782
0.400000 0.725000, 0.102022
0.400000 0.750000, 0.090879
0.400000 0.775000, 0.080286
0.400000 0.800000, 0.070179
0.400000 0.825000, 0.060499
0.400000 0.850000, 0.051188
0.400000 0.875000, 0.042188
0.400000 0.900000, 0.033445
0.400000 0.925000, 0.024907
0.400000 0.950000, 0.016521
0.400000 0.975000, 0.008235
0.425000 0.000000, 1.000000
0.425000 0.025000, 0.948211
0.425000 0.050000, 0.896774
0.425000 0.075000, 0.846029
0.425000 0.100000, 0.796290
0.425000 0.125000, 0.747836
0.425000 0.150000, 0.700904
0.425000 0.175000, 0.655686
0.425000 0.200000, 0.612329
0.425000 0.225000, 0.570936
0.425000 0.250000, 0.531569
0.425000 0.275000, 0.494254
0.425000 0.300000, 0.458986
0.425000 0.325000, 0.425738
0.425000 0.350000, 0.394458
0.425000 0.375000, 0.365081
0.425000 0.400000, 0.337531
0.425000 0.425000, 0.311720
0.425000 0.450000, 0.287559
0.425000 0.475000, 0.264953
0.425000 0.500000, 0.243807
0.425000 0.525000, 0.224026
0.425000 0.550000, 0.205516
0.425000 0.575000, 0.188187
0.425000 0.600000, 0.171948
0.425000 0.625000, 0.156715
0.425000 0.650000, 0.142405
0.425000 0.675000, 0.128938
0.425000 0.700000, 0.116239
0.425000 0.725000, 0.104236
0.425000 0.750000, 0.092858
0.425000 0.775000, 0.082039
0.425000 0.800000, 0.071716
0.425000 0.825000, 0.061827
0.425000 0.850000, 0.052313
0.425000 0.875000, 0.043117
0.425000 0.900000, 0.034183
0.425000 0.925000, 0.025456
0.425000 0.950000, 0.016885
0.425000 0.975000, 0.008417
0.450000 0.000000, 1.000000
0.450000 0.025000, 0.949002
0.450000 0.050000, 0.898331
0.450000 0.075000, 0.848302
0.450000 0.100000, 0.799209
0.450000 0.125000, 0.751316
0.450000 0.150000, 0.704851
0.450000 0.175000, 0.660003
0.450000 0.200000, 0.616920
0.450000 0.225000, 0.575710
0.450000 0.250000, 0.536442
0.450000 0.275000, 0.499152
0.450000 0.300000, 0.463848
0.450000 0.325000, 0.430510
0.450000 0.350000, 0.399099
0.450000 0.375000, 0.369558
0.450000 0.400000, 0.341818
0.450000 0.425000, 0.315801
0.450000 0.450000, 0.291423
0.450000 0.475000, 0.268593
0.450000 0.500000, 0.247220
0.450000 0.525000, 0.227214
0.450000 0.550000, 0.208482
0.450000 0.575000, 0.190934
0.450000 0.600000, 0.174484
0.450000 0.625000, 0.159047
0.450000 0.650000, 0.144539
0.450000 0.675000, 0.130883
0.450000 0.700000, 0.118002
0.450000 0.725000, 0.105823
0.450000 0.750000, 0.094278
0.450000 0.775000, 0.083298
0.450000 0.800000, 0.072820
0.450000 0.825000, 0.062781
0.450000 0.850000, 0.053121
0.450000 0.875000, 0.043784
0.450000 0.900000, 0.034712
0.450000 0.925000, 0.025851
0.450000 0.950000, 0.017147
0.450000 0.975000, 0.008548
0.475000 0.000000, 1.000000
0.475000 0.025000, 0.949467
0.475000 0.050000, 0.899247
0.475000 0.075000, 0.849639
0.475000 0.100000, 0.800928
0.475000 0.125000, 0.753368
0.475000 0.150000, 0.707182
0.475000 0.175000, 0.662556
0.475000 0.200000, 0.619639
0.475000 0.225000, 0.578541
0.475000 0.250000, 0.539336
0.475000 0.275000, 0.502067
0.475000 0.300000, 0.466744
0.475000 0.325000, 0.433357
0.475000 0.350000, 0.401870
0.475000 0.375000, 0.372234
0.475000 0.400000, 0.344384
0.475000 0.425000, 0.318246
0.475000 0.450000, 0.293738
0.475000 0.475000, 0.270775
0.475000 0.500000, 0.249268
0.475000 0.525000, 0.229127
0.475000 0.550000, 0.210263
0.475000 0.575000, 0.192585
0.475000 0.600000, 0.176009
0.475000 0.625000, 0.160448
0.475000 0.650000, 0.145823
0.475000 0.675000, 0.132053
0.475000 0.700000, 0.119062
0.475000 0.725000, 0.106779
0.475000 0.750000, 0.095132
0.475000 0.775000, 0.084056
0.475000 0.800000, 0.073484
0.475000 0.825000, 0.063355
0.475000 0.850000, 0.053608
0.475000 0.875000, 0.044186
0.475000 0.900000, 0.035031
0.475000 0.925000, 0.026089
0.475000 0.950000, 0.017305
0.475000 0.975000, 0.008626
0.500000 0.000000, 1.000000
0.500000 0.025000, 0.949621
0.500000 0.050000, 0.899549
0.500000 0.075000, 0.850081
0.500000 0.100000, 0.801495
0.500000 0.125000, 0.754046
0.500000 0.150000, 0.707953
0.500000 0.175000, 0.663401
0.500000 0.200000, 0.620540
0.500000 0.225000, 0.579480
0.500000 0.250000, 0.540297
0.500000 0.275000, 0.503034
0.500000 0.300000, 0.467706
0.500000 0.325000, 0.434303
0.500000 0.350000, 0.402792
0.500000 0.375000, 0.373124
0.500000 0.400000, 0.345238
0.500000 0.425000, 0.319060
0.500000 0.450000, 0.294510
0.500000 0.475000, 0.271503
0.500000 0.500000, 0.249951
0.500000 0.525000, 0.229766
0.500000 0.550000, 0.210857
0.500000 0.575000, 0.193136
0.500000 0.600000, 0.176517
0.500000 0.625000, 0.160916
0.500000 0.650000, 0.146251
0.500000 0.675000, 0.132443
0.500000 0.700000, 0.119416
0.500000 0.725000, 0.107098
0.500000 0.750000, 0.095418
0.500000 0.775000, 0.084309
0.500000 0.800000, 0.073706
0.500000 0.825000, 0.063546
0.500000 0.850000, 0.053770
0.500000 0.875000, 0.044320
0.500000 0.900000, 0.035137
0.500000 0.925000, 0.026168
0.500000 0.950000, 0.017358
0.500000 0.975000, 0.008653
0.525000 0.000000, 1.000000
0.525000 0.025000, 0.949467
0.525000 0.050000, 0.899247
0.525000 0.075000, 0.849639
0.525000 0.100000, 0.800928
0.525000 0.125000, 0.753368
0.525000 0.150000, 0.707182
0.525000 0.175000, 0.662557
0.525000 0.200000, 0.619639
0.525000 0.225000, 0.578541
0.525000 0.250000, 0.539337
0.525000 0.275000, 0.502067
0.525000 0.300000, 0.466745
0.525000 0.325000, 0.433357
0.525000 0.350000, 0.401871
0.525000 0.375000, 0.372234
0.525000 0.400000, 0.344384
0.525000 0.425000, 0.318246
0.525000 0.450000, 0.293738
0.525000 0.475000, 0.270776
0.525000 0.500000, 0.249269
0.525000 0.525000, 0.229128
0.525000 0.550000, 0.210263
0.525000 0.575000, 0.192586
0.525000 0.600000, 0.176009
0.525000 0.625000, 0.160449
0.525000 0.650000, 0.145823
0.525000 0.675000, 0.132053
0.525000 0.700000, 0.119063
0.525000 0.725000, 0.106779
0.525000 0.750000, 0.095133
0.525000 0.775000, 0.084056
0.525000 0.800000, 0.073484
0.525000 0.825000, 0.063355
0.525000 0.850000, 0.053608
0.525000 0.875000, 0.044186
0.525000 0.900000, 0.035031
0.525000 0.925000, 0.026089
0.525000 0.950000, 0.017305
0.525000 0.975000, 0.008626
0.550000 0.000000, 1.000000
0.550000 0.025000, 0.949002
0.550000 0.050000, 0.898331
0.550000 0.075000, 0.848302
0.550000 0.100000, 0.799209
0.550000 0.125000, 0.751316
0.550000 0.150000, 0.704851
0.550000 0.175000, 0.660004
0.550000 0.200000, 0.616921
0.550000 0.225000, 0.575710
0.550000 0.250000, 0.536442
0.550000 0.275000, 0.499153
0.550000 0.300000, 0.463849
0.550000 0.325000, 0.430511
0.550000 0.350000, 0.399100
0.550000 0.375000, 0.369559
0.550000 0.400000, 0.341819
0.550000 0.425000, 0.315802
0.550000 0.450000, 0.291423
0.550000 0.475000, 0.268593
0.550000 0.500000, 0.247221
0.550000 0.525000, 0.227214
0.550000 0.550000, 0.208482
0.550000 0.575000, 0.190935
0.550000 0.600000, 0.174485
0.550000 0.625000, 0.159047
0.550000 0.650000, 0.144540
0.550000 0.675000, 0.130883
0.550000 0.700000, 0.118002
0.550000 0.725000, 0.105824
0.550000 0.750000, 0.094278
0.550000 0.775000, 0.083298
0.550000 0.800000, 0.072820
0.550000 0.825000, 0.062781
0.550000 0.850000, 0.053122
0.550000 0.875000, 0.043784
0.550000 0.900000, 0.034712
0.550000 0.925000, 0.025851
0.550000 0.950000, 0.017147
0.550000 0.975000, 0.008548
0.575000 0.000000, 1.000000
0.575000 0.025000, 0.948211
0.575000 0.050000, 0.896774
0.575000 0.075000, 0.846029
0.575000 0.100000, 0.796290
0.575000 0.125000, 0.747836
0.575000 0.150000, 0.700904
0.575000 0.175000, 0.655686
0.575000 0.200000, 0.612330
0.575000 0.225000, 0.570937
0.575000 0.250000, 0.531569
0.575000 0.275000, 0.494254
0.575000 0.300000, 0.458987
0.575000 0.325000, 0.425739
0.575000 0.350000, 0.394459
0.575000 0.375000, 0.365082
0.575000 0.400000, 0.337531
0.575000 0.425000, 0.311721
0.575000 0.450000, 0.287560
0.575000 0.475000, 0.264954
0.575000 0.500000, 0.243808
0.575000 0.525000, 0.224027
0.575000 0.550000, 0.205517
0.575000 0.575000, 0.188188
0.575000 0.600000, 0.171949
0.575000 0.625000, 0.156716
0.575000 0.650000, 0.142405
0.575000 0.675000, 0.128939
0.575000 0.700000, 0.116240
0.575000 0.725000, 0.104236
0.575000 0.750000, 0.092858
0.575000 0.775000, 0.082040
0.575000 0.800000, 0.071717
0.575000 0.825000, 0.061828
0.575000 0.850000, 0.052314
0.575000 0.875000, 0.043117
0.575000 0.900000, 0.034183
0.575000 0.925000, 0.025457
0.575000 0.950000, 0.016885
0.575000 0.975000, 0.008417
0.600000 0.000000, 1.000000
0.600000 0.025000, 0.947067
0.600000 0.050000, 0.894525
0.600000 0.075000, 0.842751
0.600000 0.100000, 0.792087
0.600000 0.125000, 0.742834
0.600000 0.150000, 0.695243
0.600000 0.175000, 0.649509
0.600000 0.200000, 0.605776
0.600000 0.225000, 0.564138
0.600000 0.250000, 0.524645
0.600000 0.275000, 0.487308
0.600000 0.300000, 0.452107
0.600000 0.325000, 0.418998
0.600000 0.350000, 0.387915
0.600000 0.375000, 0.358781
0.600000 0.400000, 0.331504
0.600000 0.425000, 0.305991
0.600000 0.450000, 0.282141
0.600000 0.475000, 0.259855
0.600000 0.500000, 0.239030
0.600000 0.525000, 0.219568
0.600000 0.550000, 0.201373
0.600000 0.575000, 0.184350
0.600000 0.600000, 0.168408
0.600000 0.625000, 0.153462
0.600000 0.650000, 0.139428
0.600000 0.675000, 0.126227
0.600000 0.700000, 0.113783
0.600000 0.725000, 0.102023
0.600000 0.750000, 0.090880
0.600000 0.775000, 0.080286
0.600000 0.800000, 0.070180
0.600000 0.825000, 0.060500
0.600000 0.850000, 0.051188
0.600000 0.875000, 0.042188
0.600000 0.900000, 0.033446
0.600000 0.925000, 0.024907
0.600000 0.950000, 0.016521
0.600000 0.975000, 0.008235
0.625000 0.000000, 1.000000
0.625000 0.025000, 0.945531
0.625000 0.050000, 0.891509
0.625000 0.075000, 0.838362
0.625000 0.100000, 0.786473
0.625000 0.125000, 0.736171
0.625000 0.150000, 0.687724
0.625000 0.175000, 0.641330
0.625000 0.200000, 0.597127
0.625000 0.225000, 0.555195
0.625000 0.250000, 0.515564
0.625000 0.275000, 0.478226
0.625000 0.300000, 0.443137
0.625000 0.325000, 0.410232
0.625000 0.350000, 0.379425
0.625000 0.375000, 0.350621
0.625000 0.400000, 0.323715
0.625000 0.425000, 0.298598
0.625000 0.450000, 0.275161
0.625000 0.475000, 0.253294
0.625000 0.500000, 0.232890
0.625000 0.525000, 0.213845
0.625000 0.550000, 0.196057
0.625000 0.575000, 0.179431
0.625000 0.600000, 0.163873
0.625000 0.625000, 0.149297
0.625000 0.650000, 0.135619
0.625000 0.675000, 0.122758
0.625000 0.700000, 0.110641
0.625000 0.725000, 0.099195
0.625000 0.750000, 0.088351
0.625000 0.775000, 0.078046
0.625000 0.800000, 0.068217
0.625000 0.825000, 0.058804
0.625000 0.850000, 0.049751
0.625000 0.875000, 0.041002
0.625000 0.900000, 0.032504
0.625000 0.925000, 0.024206
0.625000 0.950000, 0.016055
0.625000 0.975000, 0.008003
0.650000 0.000000, 1.000000
0.650000 0.025000, 0.943547
0.650000 0.050000, 0.887619
0.650000 0.075000, 0.832714
0.650000 0.100000, 0.779271
0.650000 0.125000, 0.727655
0.650000 0.150000, 0.678152
0.650000 0.175000, 0.630961
0.650000 0.200000, 0.586208
0.650000 0.225000, 0.543950
0.650000 0.250000, 0.504192
0.650000 0.275000, 0.466894
0.650000 0.300000, 0.431984
0.650000 0.325000, 0.399366
0.650000 0.350000, 0.368933
0.650000 0.375000, 0.340563
0.650000 0.400000, 0.314136
0.650000 0.425000, 0.289526
0.650000 0.450000, 0.266611
0.650000 0.475000, 0.245271
0.650000 0.500000, 0.225392
0.650000 0.525000, 0.206864
0.650000 0.550000, 0.189580
0.650000 0.575000, 0.173443
0.650000 0.600000, 0.158357
0.650000 0.625000, 0.144235
0.650000 0.650000, 0.130991
0.650000 0.675000, 0.118547
0.650000 0.700000, 0.106828
0.650000 0.725000, 0.095763
0.650000 0.750000, 0.085285
0.650000 0.775000, 0.075330
0.650000 0.800000, 0.065838
0.650000 0.825000, 0.056749
0.650000 0.850000, 0.048010
0.650000 0.875000, 0.039565
0.650000 0.900000, 0.031364
0.650000 0.925000, 0.023356
0.650000 0.950000, 0.015491
0.650000 0.975000, 0.007722
0.675000 0.000000, 1.000000
0.675000 0.025000, 0.941037
0.675000 0.050000, 0.882708
0.675000 0.075000, 0.825605
0.675000 0.100000, 0.770241
0.675000 0.125000, 0.717028
0.675000 0.150000, 0.666267
0.675000 0.175000, 0.618154
0.675000 0.200000, 0.572793
0.675000 0.225000, 0.530207
0.675000 0.250000, 0.490361
0.675000 0.275000, 0.453175
0.675000 0.300000, 0.418538
0.675000 0.325000, 0.386318
0.675000 0.350000, 0.356376
0.675000 0.375000, 0.328565
0.675000 0.400000, 0.302740
0.675000 0.425000, 0.278759
0.675000 0.450000, 0.256486
0.675000 0.475000, 0.235788
0.675000 0.500000, 0.216545
0.675000 0.525000, 0.198637
0.675000 0.550000, 0.181958
0.675000 0.575000, 0.166404
0.675000 0.600000, 0.151879
0.675000 0.625000, 0.138294
0.675000 0.650000, 0.125565
0.675000 0.675000, 0.113612
0.675000 0.700000, 0.102362
0.675000 0.725000, 0.091746
0.675000 0.750000, 0.081697
0.675000 0.775000, 0.072152
0.675000 0.800000, 0.063054
0.675000 0.825000, 0.054346
0.675000 0.850000, 0.045974
0.675000 0.875000, 0.037885
0.675000 0.900000, 0.030031
0.675000 0.925000, 0.022363
0.675000 0.950000, 0.014832
0.675000 0.975000, 0.007393
0.700000 0.000000, 1.000000
0.700000 0.025000, 0.937892
0.700000 0.050000, 0.876570
0.700000 0.075000, 0.816757
0.700000 0.100000, 0.759062
0.700000 0.125000, 0.703948
0.700000 0.150000, 0.651733
0.700000 0.175000, 0.602597
0.700000 0.200000, 0.556602
0.700000 0.225000, 0.513724
0.700000 0.250000, 0.473871
0.700000 0.275000, 0.436908
0.700000 0.300000, 0.402674
0.700000 0.325000, 0.370994
0.700000 0.350000, 0.341688
0.700000 0.375000, 0.314581
0.700000 0.400000, 0.289501
0.700000 0.425000, 0.266286
0.700000 0.450000, 0.244784
0.700000 0.475000, 0.224853
0.700000 0.500000, 0.206361
0.700000 0.525000, 0.189184
0.700000 0.550000, 0.173211
0.700000 0.575000, 0.158336
0.700000 0.600000, 0.144462
0.700000 0.625000, 0.131498
0.700000 0.650000, 0.119362
0.700000 0.675000, 0.107974
0.700000 0.700000, 0.097264
0.700000 0.725000, 0.087161
0.700000 0.750000, 0.077603
0.700000 0.775000, 0.068529
0.700000 0.800000, 0.059882
0.700000 0.825000, 0.051607
0.700000 0.850000, 0.043654
0.700000 0.875000, 0.035971
0.700000 0.900000, 0.028513
0.700000 0.925000, 0.021231
0.700000 0.950000, 0.014081
0.700000 0.975000, 0.007019
0.725000 0.000000, 1.000000
0.725000 0.025000, 0.933960
0.725000 0.050000, 0.868923
0.725000 0.075000, 0.805793
0.725000 0.100000, 0.745300
0.725000 0.125000, 0.687970
0.725000 0.150000, 0.634122
0.725000 0.175000, 0.583897
0.725000 0.200000, 0.537296
0.725000 0.225000, 0.494216
0.725000 0.250000, 0.454491
0.725000 0.275000, 0.417913
0.725000 0.300000, 0.384257
0.725000 0.325000, 0.353295
0.725000 0.350000, 0.324803
0.725000 0.375000, 0.298570
0.725000 0.400000, 0.274397
0.725000 0.425000, 0.252100
0.725000 0.450000, 0.231512
0.725000 0.475000, 0.212479
0.725000 0.500000, 0.194861
0.725000 0.525000, 0.178529
0.725000 0.550000, 0.163366
0.725000 0.575000, 0.149267
0.725000 0.600000, 0.136134
0.725000 0.625000, 0.123875
0.725000 0.650000, 0.112410
0.725000 0.675000, 0.101661
0.725000 0.700000, 0.091557
0.725000 0.725000, 0.082032
0.725000 0.750000, 0.073026
0.725000 0.775000, 0.064478
0.725000 0.800000, 0.056336
0.725000 0.825000, 0.048547
0.725000 0.850000, 0.041062
0.725000 0.875000, 0.033834
0.725000 0.900000, 0.026817
0.725000 0.925000, 0.019968
0.725000 0.950000, 0.013243
0.725000 0.975000, 0.006601
0.750000 0.000000, 1.000000
0.750000 0.025000, 0.929026
0.750000 0.050000, 0.859370
0.750000 0.075000, 0.792191
0.750000 0.100000, 0.728377
0.750000 0.125000, 0.668510
0.750000 0.150000, 0.612888
0.750000 0.175000, 0.561575
0.750000 0.200000, 0.514467
0.750000 0.225000, 0.471355
0.750000 0.250000, 0.431964
0.750000 0.275000, 0.395995
0.750000 0.300000, 0.363146
0.750000 0.325000, 0.333126
0.750000 0.350000, 0.305660
0.750000 0.375000, 0.280499
0.750000 0.400000, 0.257416
0.750000 0.425000, 0.236207
0.750000 0.450000, 0.216686
0.750000 0.475000, 0.198692
0.750000 0.500000, 0.182075
0.750000 0.525000, 0.166704
0.750000 0.550000, 0.152459
0.750000 0.575000, 0.139234
0.750000 0.600000, 0.126930
0.750000 0.625000, 0.115460
0.750000 0.650000, 0.104742
0.750000 0.675000, 0.094702
0.750000 0.700000, 0.085271
0.750000 0.725000, 0.076386
0.750000 0.750000, 0.067989
0.750000 0.775000, 0.060023
0.750000 0.800000, 0.052438
0.750000 0.825000, 0.045184
0.750000 0.850000, 0.038215
0.750000 0.875000, 0.031486
0.750000 0.900000, 0.024955
0.750000 0.925000, 0.018581
0.750000 0.950000, 0.012323
0.750000 0.975000, 0.006142
0.775000 0.000000, 1.000000
0.775000 0.025000, 0.922774
0.775000 0.050000, 0.847341
0.775000 0.075000, 0.775224
0.775000 0.100000, 0.707505
0.775000 0.125000, 0.644806
0.775000 0.150000, 0.587344
0.775000 0.175000, 0.535046
0.775000 0.200000, 0.487645
0.775000 0.225000, 0.444772
0.775000 0.250000, 0.406015
0.775000 0.275000, 0.370958
0.775000 0.300000, 0.339208
0.775000 0.325000, 0.310401
0.775000 0.350000, 0.284212
0.775000 0.375000, 0.260351
0.775000 0.400000, 0.238563
0.775000 0.425000, 0.218623
0.775000 0.450000, 0.200335
0.775000 0.475000, 0.183526
0.775000 0.500000, 0.168043
0.775000 0.525000, 0.153752
0.775000 0.550000, 0.140533
0.775000 0.575000, 0.128279
0.775000 0.600000, 0.116895
0.775000 0.625000, 0.106293
0.775000 0.650000, 0.096397
0.775000 0.675000, 0.087134
0.775000 0.700000, 0.078439
0.775000 0.725000, 0.070254
0.775000 0.750000, 0.062520
0.775000 0.775000, 0.055188
0.775000 0.800000, 0.048208
0.775000 0.825000, 0.041536
0.775000 0.850000, 0.035126
0.775000 0.875000, 0.028940
0.775000 0.900000, 0.022936
0.775000 0.925000, 0.017077
0.775000 0.950000, 0.011325
0.775000 0.975000, 0.005645
0.800000 0.000000, 1.000000
0.800000 0.025000, 0.914728
0.800000 0.050000, 0.831998
0.800000 0.075000, 0.753857
0.800000 0.100000, 0.681615
0.800000 0.125000, 0.615863
0.800000 0.150000, 0.556639
0.800000 0.175000, 0.503620
0.800000 0.200000, 0.456295
0.800000 0.225000, 0.414074
0.800000 0.250000, 0.376365
0.800000 0.275000, 0.342615
0.800000 0.300000, 0.312326
0.800000 0.325000, 0.285060
0.800000 0.350000, 0.260437
0.800000 0.375000, 0.238131
0.800000 0.400000, 0.217862
0.800000 0.425000, 0.199389
0.800000 0.450000, 0.182506
0.800000 0.475000, 0.167035
0.800000 0.500000, 0.152821
0.800000 0.525000, 0.139729
0.800000 0.550000, 0.127642
0.800000 0.575000, 0.116455
0.800000 0.600000, 0.106076
0.800000 0.625000, 0.096422
0.800000 0.650000, 0.087418
0.800000 0.675000, 0.078998
0.800000 0.700000, 0.071100
0.800000 0.725000, 0.063668
0.800000 0.750000, 0.056651
0.800000 0.775000, 0.050001
0.800000 0.800000, 0.043672
0.800000 0.825000, 0.037624
0.800000 0.850000, 0.031816
0.800000 0.875000, 0.026211
0.800000 0.900000, 0.020772
0.800000 0.925000, 0.015465
0.800000 0.950000, 0.010256
0.800000 0.975000, 0.005112
0.825000 0.000000, 1.000000
0.825000 0.025000, 0.904140
0.825000 0.050000, 0.812065
0.825000 0.075000, 0.726592
0.825000 0.100000, 0.649235
0.825000 0.125000, 0.580393
0.825000 0.150000, 0.519726
0.825000 0.175000, 0.466502
0.825000 0.200000, 0.419841
0.825000 0.225000, 0.378863
0.825000 0.250000, 0.342757
0.825000 0.275000, 0.310812
0.825000 0.300000, 0.282422
0.825000 0.325000, 0.257076
0.825000 0.350000, 0.234346
0.825000 0.375000, 0.213874
0.825000 0.400000, 0.195364
0.825000 0.425000, 0.178565
0.825000 0.450000, 0.163265
0.825000 0.475000, 0.149287
0.825000 0.500000, 0.136476
0.825000 0.525000, 0.124702
0.825000 0.550000, 0.113851
0.825000 0.575000, 0.103824
0.825000 0.600000, 0.094532
0.825000 0.625000, 0.085899
0.825000 0.650000, 0.077856
0.825000 0.675000, 0.070340
0.825000 0.700000, 0.063294
0.825000 0.725000, 0.056668
0.825000 0.750000, 0.050415
0.825000 0.775000, 0.044492
0.825000 0.800000, 0.038856
0.825000 0.825000, 0.033472
0.825000 0.850000, 0.028303
0.825000 0.875000, 0.023315
0.825000 0.900000, 0.018477
0.825000 0.925000, 0.013756
0.825000 0.950000, 0.009122
0.825000 0.975000, 0.004547
0.850000 0.000000, 1.000000
0.850000 0.025000, 0.889767
0.850000 0.050000, 0.785531
0.850000 0.075000, 0.691211
0.850000 0.100000, 0.608340
0.850000 0.125000, 0.536749
0.850000 0.150000, 0.475372
0.850000 0.175000, 0.422821
0.850000 0.200000, 0.377706
0.850000 0.225000, 0.338780
0.850000 0.250000, 0.304987
0.850000 0.275000, 0.275454
0.850000 0.300000, 0.249475
0.850000 0.325000, 0.226476
0.850000 0.350000, 0.205995
0.850000 0.375000, 0.187657
0.850000 0.400000, 0.171156
0.850000 0.425000, 0.156241
0.850000 0.450000, 0.142704
0.850000 0.475000, 0.130371
0.850000 0.500000, 0.119095
0.850000 0.525000, 0.108753
0.850000 0.550000, 0.099238
0.850000 0.575000, 0.090457
0.850000 0.600000, 0.082331
0.850000 0.625000, 0.074788
0.850000 0.650000, 0.067767
0.850000 0.675000, 0.061211
0.850000 0.700000, 0.055069
0.850000 0.725000, 0.049296
0.850000 0.750000, 0.043851
0.850000 0.775000, 0.038694
0.850000 0.800000, 0.033790
0.850000 0.825000, 0.029105
0.850000 0.850000, 0.024609
0.850000 0.875000, 0.020271
0.850000 0.900000, 0.016063
0.850000 0.925000, 0.011959
0.850000 0.950000, 0.007930
0.850000 0.975000, 0.003953
0.875000 0.000000, 1.000000
0.875000 0.025000, 0.869397
0.875000 0.050000, 0.749081
0.875000 0.075000, 0.644381
0.875000 0.100000, 0.556164
0.875000 0.125000, 0.482890
0.875000 0.150000, 0.422192
0.875000 0.175000, 0.371704
0.875000 0.200000, 0.329380
0.875000 0.225000, 0.293565
0.875000 0.250000, 0.262956
0.875000 0.275000, 0.236544
0.875000 0.300000, 0.213547
0.875000 0.325000, 0.193358
0.875000 0.350000, 0.175502
0.875000 0.375000, 0.159603
0.875000 0.400000, 0.145363
0.875000 0.425000, 0.132540
0.875000 0.450000, 0.120939
0.875000 0.475000, 0.110397
0.875000 0.500000, 0.100781
0.875000 0.525000, 0.091977
0.875000 0.550000, 0.083889
0.875000 0.575000, 0.076436
0.875000 0.600000, 0.069546
0.875000 0.625000, 0.063156
0.875000 0.650000, 0.057213
0.875000 0.675000, 0.051667
0.875000 0.700000, 0.046475
0.875000 0.725000, 0.041597
0.875000 0.750000, 0.036998
0.875000 0.775000, 0.032643
0.875000 0.800000, 0.028504
0.875000 0.825000, 0.024550
0.875000 0.850000, 0.020756
0.875000 0.875000, 0.017097
0.875000 0.900000, 0.013548
0.875000 0.925000, 0.010085
0.875000 0.950000, 0.006688
0.875000 0.975000, 0.003333
0.900000 0.000000, 1.000000
0.900000 0.025000, 0.838739
0.900000 0.050000, 0.697014
0.900000 0.075000, 0.581070
0.900000 0.100000, 0.489047
0.900000 0.125000, 0.416454
0.900000 0.150000, 0.358801
0.900000 0.175000, 0.312423
0.900000 0.200000, 0.274548
0.900000 0.225000, 0.243143
0.900000 0.250000, 0.216728
0.900000 0.275000, 0.194218
0.900000 0.300000, 0.174811
0.900000 0.325000, 0.157907
0.900000 0.350000, 0.143051
0.900000 0.375000, 0.129891
0.900000 0.400000, 0.118152
0.900000 0.425000, 0.107618
0.900000 0.450000, 0.098114
0.900000 0.475000, 0.089498
0.900000 0.500000, 0.081654
0.900000 0.525000, 0.074484
0.900000 0.550000, 0.067907
0.900000 0.575000, 0.061852
0.900000 0.600000, 0.056260
0.900000 0.625000, 0.051078
0.900000 0.650000, 0.046262
0.900000 0.675000, 0.041770
0.900000 0.700000, 0.037567
0.900000 0.725000, 0.033620
0.900000 0.750000, 0.029899
0.900000 0.775000, 0.026378
0.900000 0.800000, 0.023031
0.900000 0.825000, 0.019836
0.900000 0.850000, 0.016769
0.900000 0.875000, 0.013812
0.900000 0.900000, 0.010945
0.900000 0.925000, 0.008147
0.900000 0.950000, 0.005403
0.900000 0.975000, 0.002693
0.925000 0.000000, 1.000000
0.925000 0.025000, 0.788546
0.925000 0.050000, 0.619165
0.925000 0.075000, 0.493838
0.925000 0.100000, 0.402498
0.925000 0.125000, 0.335078
0.925000 0.150000, 0.284137
0.925000 0.175000, 0.244638
0.925000 0.200000, 0.213244
0.925000 0.225000, 0.187733
0.925000 0.250000, 0.166596
0.925000 0.275000, 0.148789
0.925000 0.300000, 0.133572
0.925000 0.325000, 0.120409
0.925000 0.350000, 0.108904
0.925000 0.375000, 0.098756
0.925000 0.400000, 0.089737
0.925000 0.425000, 0.081666
0.925000 0.450000, 0.074401
0.925000 0.475000, 0.067828
0.925000 0.500000, 0.061853
0.925000 0.525000, 0.056399
0.925000 0.550000, 0.051401
0.925000 0.575000, 0.046805
0.925000 0.600000, 0.042563
0.925000 0.625000, 0.038636
0.925000 0.650000, 0.034987
0.925000 0.675000, 0.031585
0.925000 0.700000, 0.028404
0.925000 0.725000, 0.025417
0.925000 0.750000, 0.022602
0.925000 0.775000, 0.019939
0.925000 0.800000, 0.017408
0.925000 0.825000, 0.014992
0.925000 0.850000, 0.012674
0.925000 0.875000, 0.010438
0.925000 0.900000, 0.008271
0.925000 0.925000, 0.006157
0.925000 0.950000, 0.004083
0.925000 0.975000, 0.002035
0.950000 0.000000, 1.000000
0.950000 0.025000, 0.696281
0.950000 0.050000, 0.497261
0.950000 0.075000, 0.372619
0.950000 0.100000, 0.292031
0.950000 0.125000, 0.237223
0.950000 0.150000, 0.198030
0.950000 0.175000, 0.168748
0.950000 0.200000, 0.146059
0.950000 0.225000, 0.127948
0.950000 0.250000, 0.113133
0.950000 0.275000, 0.100770
0.950000 0.300000, 0.090280
0.950000 0.325000, 0.081255
0.950000 0.350000, 0.073399
0.950000 0.375000, 0.066494
0.950000 0.400000, 0.060373
0.950000 0.425000, 0.054908
0.950000 0.450000, 0.049997
0.950000 0.475000, 0.045560
0.950000 0.500000, 0.041532
0.950000 0.525000, 0.037858
0.950000 0.550000, 0.034495
0.950000 0.575000, 0.031404
0.950000 0.600000, 0.028553
0.950000 0.625000, 0.025914
0.950000 0.650000, 0.023464
0.950000 0.675000, 0.021180
0.950000 0.700000, 0.019045
0.950000 0.725000, 0.017041
0.950000 0.750000, 0.015153
0.950000 0.775000, 0.013367
0.950000 0.800000, 0.011669
0.950000 0.825000, 0.010049
0.950000 0.850000, 0.008495
0.950000 0.875000, 0.006997
0.950000 0.900000, 0.005544
0.950000 0.925000, 0.004127
0.950000 0.950000, 0.002737
0.950000 0.975000, 0.001364
0.975000 0.000000, 1.000000
0.975000 0.025000, 0.499315
0.975000 0.050000, 0.300980
0.975000 0.075000, 0.207346
0.975000 0.100000, 0.155783
0.975000 0.125000, 0.123755
0.975000 0.150000, 0.102012
0.975000 0.175000, 0.086264
0.975000 0.200000, 0.074298
0.975000 0.225000, 0.064866
0.975000 0.250000, 0.057219
0.975000 0.275000, 0.050878
0.975000 0.300000, 0.045522
0.975000 0.325000, 0.040930
0.975000 0.350000, 0.036944
0.975000 0.375000, 0.033448
0.975000 0.400000, 0.030354
0.975000 0.425000, 0.027595
0.975000 0.450000, 0.025119
0.975000 0.475000, 0.022884
0.975000 0.500000, 0.020856
0.975000 0.525000, 0.019008
0.975000 0.550000, 0.017316
0.975000 0.575000, 0.015762
0.975000 0.600000, 0.014330
0.975000 0.625000, 0.013004
0.975000 0.650000, 0.011774
0.975000 0.675000, 0.010627
0.975000 0.700000, 0.009556
0.975000 0.725000, 0.008550
0.975000 0.750000, 0.007602
0.975000 0.775000, 0.006706
0.975000 0.800000, 0.005854
0.975000 0.825000, 0.005041
0.975000 0.850000, 0.004262
0.975000 0.875000, 0.003510
0.975000 0.900000, 0.002781
0.975000 0.925000, 0.002070
0.975000 0.950000, 0.001373
0.975000 0.975000, 0.000684
1.000000 0.000000, 0.000000
1.000000 0.025000, 0.000000
1.000000 0.050000, 0.000000
1.000000 0.075000, 0.000000
1.000000 0.100000, 0.000000
1.000000 0.125000, 0.000000
1.000000 0.150000, 0.000000
1.000000 0.175000, 0.000000
1.000000 0.200000, 0.000000
1.000000 0.225000, 0.000000
1.000000 0.250000, 0.000000
1.000000 0.275000, 0.000000
1.000000 0.300000, 0.000000
1.000000 0.325000, 0.000000
1.000000 0.350000, 0.000000
1.000000 0.375000, 0.000000
1.000000 0.400000, 0.000000
1.000000 0.425000, 0.000000
1.000000 0.450000, 0.000000
1.000000 0.475000, 0.000000
1.000000 0.500000, 0.000000
1.000000 0.525000, 0.000000
1.000000 0.550000, 0.000000
1.000000 0.575000, 0.000000
1.000000 0.600000, 0.000000
1.000000 0.625000, 0.000000
1.000000 0.650000, 0.000000
1.000000 0.675000, 0.000000
1.000000 0.700000, 0.000000
1.000000 0.725000, 0.000000
1.000000 0.750000, 0.000000
1.000000 0.775000, 0.000000
1.000000 0.800000, 0.000000
1.000000 0.825000, 0.000000
1.000000 0.850000, 0.000000
1.000000 0.875000, 0.000000
1.000000 0.900000, 0.000000
1.000000 0.925000, 0.000000
1.000000 0.950000, 0.000000
1.000000 0.975000, 0.000000
